Harder
0
0
0
0
0
0
Harder
0
0
0
0
0
0
Harder
0
0
0
0
0
0
Harder
0
0
0
0
0
0
Better
1.42303e+09
1.42303e+09
6.2e-05
6.2e-05
-1.42303e+09
-1.42303e+09
Better
1.42303e+09
1.42303e+09
7.2e-05
7.2e-05
-1.42303e+09
-1.42303e+09
Better
1.42303e+09
1.42303e+09
-7.6e-05
-7.6e-05
-1.42303e+09
-1.42303e+09
Better
1.42303e+09
1.42303e+09
-6.7e-05
-6.7e-05
-1.42303e+09
-1.42303e+09
Harder
0
0
0
0
0
0
Harder
-0.000526
0.000582
-0.000606
-0.000333
-0.000915
-8e-05
Harder
0
0
0
0
0
0
Harder
-0.002675
-0.000184
-0.000508
1.42303e+09
-0.000324
1.42303e+09
Harder
-0.004596
-0.000923
-0.004334
-0.000114
0.000262
0.000809
Harder
-0.000406
0.001371
-0.000808
0.000996
-0.000543
0.001402
Harder
0.000109
0.000644
-0.000312
-8.1e-05
-0.000874
-0.00019
Harder
-0.000894
0.000726
-5.7e-05
0.000354
-0.000459
0.001246
Harder
-0.003056
0.00173
-0.001533
0.002262
-0.003263
0.005318
Harder
-0.001357
0.003067
-0.002683
0.001438
-0.003853
0.002795
Harder
-0.003891
0.001787
-0.000663
0.000355
-0.002182
0.003652
Better
-0.002026
0.002275
-0.002131
0.00021
-0.003168
0.001774
Faster
-0.093487
0.000487
-0.000931
-0.000338
-0.001418
0.093052
Stronger
-0.007989
0.000953
-0.004101
0.000478
-0.001911
0.003888
Harder
-0.000143
0.008526
-0.00023
0.005839
-0.002687
0.000868
Better
0.000322
0.004336
-0.001441
0.001448
-0.002888
-0.000872
Faster
0.000496
0.003001
-0.000476
0.001462
-0.001875
-0.000794
Stronger
-0.00116
0.384039
-0.000724
0.000633
-0.383566
0.000732
Harder
0.000212
0.000733
-6.9e-05
0.006778
-0.000802
0.006209
Better
0.000255
0.003581
0.000778
0.001979
-0.001602
0.000769
Faster
-0.000254
0.002086
0.00027
0.004268
-0.000386
0.002182
Stronger
-0.000346
0.000579
0.000905
0.001746
0.000592
0.001379
Harder
-0.000391
9.8e-05
-0.002364
0.013364
-0.001973
0.013266
Better
0.000244
0.000579
0.002253
0.002841
0.001969
0.002454
Faster
0.002897
0.003682
0.000827
0.001426
-0.002305
-0.00207
Stronger
-0.003616
-0.002123
-0.001546
-0.000563
0.00145
0.00207
Harder
-0.001994
-0.001608
-0.003432
-0.002814
-0.001438
-0.001186
Better
-0.002988
0.000585
-2.56084
0.00268
-2.55785
0.002569
Faster
0.002822
0.003301
0.00084
0.001138
-0.0023
-0.001982
Stronger
-0.003099
-0.002562
-0.001464
-0.001115
0.00116
0.0019
Harder
-0.000725
-0.000566
-0.000999
-0.000757
-0.000336
-0.000191
Better
0.000624
0.000833
0.000606
0.001113
-0.000183
0.000319
Faster
0.000432
0.000626
-0.000616
-0.000436
-0.001242
-0.000908
Stronger
-0.000451
0.00175
0.000486
0.001208
-0.000542
0.00106
Harder
-0.003004
0.084488
-0.007824
0.010073
-0.092312
0.003304
Better
-0.005933
-0.00372
-0.001575
0.000325
0.002145
0.005071
Faster
-4.39505
0.139295
-4.39163
0.188322
0.001525
0.049027
Stronger
-0.004909
-0.001335
-0.01074
0.014015
-0.008117
0.01535
Harder
-0.002942
0.003756
-0.00163
0.002386
-0.00137
0.003726
Better
-0.001216
0.009364
-0.000239
0.003374
-0.008233
0.004026
Faster
-0.00582
0.002346
-0.001905
-0.000342
-0.002755
0.003915
Stronger
-0.009755
0.002158
-0.002778
0.002037
-0.000542
0.006977
Harder
-0.016456
0.24458
-0.010909
0.313322
0.002939
0.07314
Better
-0.054932
0.002419
-0.056063
0.001724
-0.001131
0.004242
Faster
-0.010428
0.003383
-0.007555
0.001833
-0.00446
0.002873
Stronger
-0.012758
0.005159
-0.006794
0.002489
-0.00296
0.005964
Harder
0.01244
0.014618
0.003045
0.003692
-0.010926
-0.009284
Better
-2.91743
0.014092
0.002716
0.003757
-0.011142
2.92118
Harder
0.012446
0.013825
0.002658
0.003366
-0.010459
-0.009233
Better
-0.012535
0.014322
-0.009903
0.003739
-0.010583
0.002632
Faster
-0.069223
0.056543
-0.047476
0.004285
-0.063302
0.065981
Stronger
-0.043189
0.004993
-0.013446
0.003445
-0.001786
0.029743
Harder
-0.015044
0.004182
-0.011098
0.003333
-0.001335
0.004473
Better
-0.236935
0.012792
-0.009707
0.003861
-0.012974
0.240567
Harder
0.010987
0.015485
0.002488
0.002945
-0.012997
-0.008167
Better
-3.00653
0.06599
-3.0821
0.065137
-0.07557
0.018887
Faster
-0.025761
0.000884
-0.009442
0.003975
0.001682
0.016319
Harder
-0.002942
0.011221
-0.000301
0.001432
-0.011522
0.004374
Better
0.005468
0.041534
-0.002166
0.002214
-0.041703
-0.007634
Faster
0.007833
0.014024
0.000355
0.003054
-0.010998
-0.007025
Stronger
0.00678
0.030186
-0.001833
0.002954
-0.032019
-0.006049
